Table 3, cuspidal torsion on J1(2,2n), came from Sage code.

To verify Table 3, I computed the same with a Maple implementation (not
yet ready for distribution), but in any case, the result is the same:


2, 10, [6]
2, 12, [4]
2, 14, [2, 2, 6, 18]
2, 16, [2, 20, 20]
2, 18, [2, 42, 126]
2, 20, [4, 60, 120]
2, 22, [2, 10, 1550, 4650]
2, 24, [2, 4, 4, 120, 240]
2, 26, [2, 14, 266, 3990, 11970]
2, 28, [2, 4, 4, 4, 8, 24, 936, 936]
2, 30, [2, 2, 2, 2, 2, 24, 8160, 8160]
2, 32, [2, 2, 2, 4, 4, 24, 120, 23280, 23280]
2, 34, [2, 2, 2, 2, 2, 30, 17520, 595680, 1787040]
2, 36, [4, 4, 12, 36, 504, 15624, 15624]
2, 38, [2, 2, 2, 18, 18, 8766, 67191390, 201574170]
2, 40, [2, 2, 4, 4, 4, 8, 8, 240, 895440, 1790880]
2, 42, [2, 2, 2, 2, 2, 2, 2, 2, 182, 546, 6552, 131040, 131040]
2, 44, [4, 4, 4, 4, 124, 1240, 6200, 13150200, 13150200]
2, 46, [2, 2, 2, 2, 2, 2, 2, 2, 2, 817982, 546949390174, 1640848170522]
2, 48, [2, 2, 2, 4, 4, 4, 4, 20, 40, 80, 80, 240, 1436640, 2873280]
2, 50, [2, 2, 2, 2, 2, 2, 10, 50, 6826650, 95443393650, 95443393650]
2, 52, [4, 4, 4, 4, 4, 28, 56, 1064, 15960, 34941914280, 34941914280]
2, 54, [2, 6, 6, 6, 6, 18, 18, 18, 378, 2204874, 3058160238, 9174480714]
2, 56, [2, 2, 2, 4, 4, 4, 4, 8, 8, 8, 8, 16, 16, 48, 288, 3168, 41184, 8854560, 8854560]
2, 58, [2, 2, 2, 2, 2, 2, 2, 2, 2, 2, 4, 4, 4, 4, 172, 2580, 644272440, 64721676505080, 64721676505080]
2, 60, [4, 4, 4, 4, 4, 4, 8, 8, 8, 8, 120, 120, 240, 480, 8160, 8698560, 17397120]
2, 62, [2, 2, 2, 2, 2, 2, 2, 2, 2, 2, 2, 2, 2, 22, 110, 330, 20460, 329747006820, 36272170750200, 36272170750200]
2, 64, [2, 2, 2, 2, 2, 2, 4, 4, 4, 4, 8, 8, 8, 8, 16, 48, 48, 480, 46560, 147820908073920, 147820908073920]
2, 66, [2, 2, 2, 2, 2, 2, 2, 2, 2, 2, 2, 930, 51150, 51150, 2627166300, 346785951600, 346785951600]
2, 68, [2, 4, 4, 4, 4, 4, 4, 4, 8, 8, 8, 8, 120, 2040, 595680, 1191360, 174205351967040, 348410703934080]
2, 70, [2, 2, 2, 2, 2, 2, 2, 2, 2, 2, 2, 2, 78, 78, 78, 234, 234, 654891120, 375632448609600, 1126897345828800]
2, 72, [2, 2, 2, 2, 4, 4, 4, 12, 36, 72, 72, 72, 72, 144, 144, 144, 5040, 312480, 18292266720, 18292266720]
2, 74, [2, 2, 2, 2, 2, 2, 2, 2, 2, 2, 38, 38, 174762, 174762, 321033373395210, 6823564351515188550, 20470693054545565650]
2, 76, [4, 4, 4, 4, 4, 4, 4, 4, 4, 8, 72, 72, 72, 35064, 268765560, 84586579904190024360, 84586579904190024360]
2, 78, [2, 2, 2, 2, 2, 2, 2, 14, 14, 14, 14, 14, 42, 126, 1638, 1638, 62244, 248976, 1244880, 16183440, 66303553680, 132607107360]
2, 80, [2, 2, 2, 2, 2, 4, 4, 4, 4, 4, 4, 4, 4, 8, 8, 16, 16, 80, 80, 80, 160, 480, 3581760, 41566772881757760, 83133545763515520]
2, 82, [2, 2, 2, 2, 2, 2, 2, 2, 2, 2, 2, 2, 2, 2, 310, 1550, 1550, 17050, 35563703804672815200, 10206782991941097962400, 10206782991941097962400]
2, 84, [2, 4, 4, 4, 4, 4, 4, 4, 4, 4, 8, 8, 8, 8, 8, 104, 104, 728, 728, 728, 4368, 131040, 131040, 262080, 13525948800, 13525948800]
2, 86, [2, 2, 2, 2, 2, 2, 2, 2, 2, 2, 2, 2, 2, 2, 2, 2, 2, 2, 254, 762, 32766, 25615681147891287499998, 3944814896775258274999692, 3944814896775258274999692]
2, 88, [2, 2, 2, 2, 2, 4, 4, 4, 4, 4, 4, 8, 8, 8, 8, 8, 496, 496, 496, 496, 2480, 272800, 578608800, 8138891353016978400, 8138891353016978400]
2, 90, [2, 2, 2, 2, 2, 2, 2, 6, 6, 6, 18, 18, 18, 18, 18, 18, 18, 18, 126, 504, 2016, 171360, 1410383792160, 4418732420837280, 26512394525023680]
2, 92, [2, 4, 4, 4, 4, 4, 4, 4, 4, 4, 4, 4, 8, 8, 8, 8, 8, 8, 8, 8, 3271928, 2187797560696, 1134976675481490339826179720, 1134976675481490339826179720]
2, 94, [2, 2, 2, 2, 2, 2, 2, 2, 2, 2, 2, 2, 2, 2, 2, 2, 2, 2, 2, 2, 2, 6559875377605866061574, 150596232943748173091148093312463772, 451788698831244519273444279937391316]
2, 96, [2, 2, 2, 2, 2, 2, 2, 2, 4, 4, 4, 4, 4, 4, 8, 8, 8, 8, 8, 8, 48, 48, 240, 240, 240, 480, 480, 960, 93120, 278708160, 594183951417002880, 1188367902834005760]
2, 98, [2, 2, 2, 2, 2, 2, 2, 2, 2, 2, 2, 2, 2, 2, 2, 2, 2, 2, 2, 14, 98, 98, 98, 294, 471309398161956768078, 4700318943846368809045273521474, 9400637887692737618090547042948]
2, 100, [4, 4, 4, 4, 4, 4, 4, 4, 4, 4, 20, 100, 200, 200, 200, 200, 200, 200, 600, 27306600, 381773574600, 66299754393492661833000, 66299754393492661833000]
2, 102, [2, 2, 2, 2, 2, 2, 2, 2, 2, 2, 2, 2, 2, 2, 2, 2, 2, 2, 2, 10, 10, 240, 240, 240, 595680, 595680, 153089760, 189037610902373535360, 756150443609494141440, 756150443609494141440]
2, 104, [2, 2, 2, 2, 2, 2, 4, 4, 4, 4, 4, 4, 4, 8, 8, 8, 8, 8, 8, 16, 80, 80, 560, 560, 560, 276640, 829920, 139767657120, 43683672408304776888549600, 43683672408304776888549600]
2, 106, [2, 2, 2, 2, 2, 2, 2, 2, 2, 2, 2, 2, 2, 2, 2, 2, 2, 2, 2, 2, 2, 2, 364854605758367519659782554, 1209117048961772075704474939629858138083490, 3627351146885316227113424818889574414250470]
2, 108, [4, 4, 12, 12, 12, 12, 12, 12, 12, 36, 36, 36, 36, 72, 72, 216, 216, 216, 216, 1512, 1512, 820213128, 1137635608536, 609434384061478824072, 609434384061478824072]
2, 110, [2, 2, 2, 2, 2, 2, 2, 2, 2, 2, 2, 2, 2, 2, 2, 2, 2, 2, 2, 10, 50, 150, 1650, 1650, 3300, 541200, 16777200, 278144298937454466000, 291655714546939191594882000, 1749934287281635149569292000]
2, 112, [2, 2, 2, 2, 2, 2, 2, 2, 2, 4, 4, 4, 4, 4, 4, 4, 4, 4, 8, 8, 8, 16, 16, 16, 16, 16, 16, 16, 32, 32, 160, 160, 160, 12480, 37440, 411840, 823680, 28828800, 1239638400, 44998425598574448000, 44998425598574448000]
2, 114, [2, 2, 2, 2, 2, 2, 2, 2, 2, 2, 2, 2, 2, 2, 2, 2, 2, 126, 126, 126, 126, 126, 7182, 255327282, 1276636410, 1276636410, 22644451922453983980540, 90577807689815935922160, 90577807689815935922160]
2, 116, [2, 2, 2, 4, 4, 4, 4, 4, 4, 4, 4, 4, 4, 4, 4, 4, 4, 8, 8, 8, 8, 8, 8, 8, 8, 8, 8, 8, 40, 1720, 10320, 10320, 1288544880, 258886706020320, 6513991138742223302180324343771360, 6513991138742223302180324343771360]
2, 118, [2, 2, 2, 2, 2, 2, 2, 2, 2, 2, 2, 2, 2, 2, 2, 2, 2, 2, 2, 2, 2, 2, 2, 2, 2, 34180830466051949625891793995362, 8070809464684554216341433531689526323836547602910, 24212428394053662649024300595068578971509642808730]
2, 120, [2, 2, 2, 2, 2, 2, 4, 4, 4, 4, 4, 4, 4, 4, 8, 8, 8, 8, 8, 8, 16, 16, 16, 16, 16, 16, 80, 160, 480, 480, 480, 480, 480, 480, 480, 255840, 8698560, 8698560, 121779840, 121779840, 3385235992320, 6770471984640]
2, 122, [2, 2, 2, 2, 2, 2, 2, 2, 2, 2, 2, 2, 2, 2, 2, 2, 2, 2, 2, 2, 2, 22, 682, 4774, 23870, 119350, 112451320020409938235416633958150, 83103405331767434306726510563753148560027950, 249310215995302302920179531691259445680083850]
2, 124, [2, 2, 4, 4, 4, 4, 4, 4, 4, 4, 4, 4, 4, 4, 4, 4, 8, 8, 8, 8, 8, 8, 8, 8, 8, 8, 8, 8, 8, 440, 440, 40920, 40920, 40920, 204600, 3297470068200, 72544341500400, 104474221191096057296175603838800, 208948442382192114592351207677600]
2, 126, [2, 2, 2, 2, 2, 2, 2, 2, 2, 2, 2, 2, 6, 18, 18, 18, 18, 18, 18, 18, 18, 126, 126, 126, 126, 126, 1638, 1638, 3276, 3276, 16380, 16380, 32760, 32760, 622440, 2489760, 12448800, 1460530101794400, 4381590305383200, 26289541832299200]
2, 128, [2, 2, 2, 2, 2, 2, 2, 2, 2, 2, 2, 4, 4, 4, 4, 4, 4, 4, 4, 4, 8, 8, 8, 8, 8, 8, 8, 8, 16, 16, 16, 16, 16, 32, 32, 32, 32, 9312, 18624, 18624, 93120, 186240, 295641816147840, 1351267700851717934457144462410837760, 1351267700851717934457144462410837760]
2, 130, [2, 2, 2, 2, 2, 2, 2, 2, 2, 2, 2, 2, 2, 2, 2, 2, 2, 2, 2, 2, 2, 2, 2, 2, 2, 4, 4, 4, 4, 12, 84, 84, 168, 2184, 2184, 2184, 4368, 65520, 262080, 262080, 262080, 19713919680, 39427839360, 275994875520, 805099407476757120, 805099407476757120, 2415298222430271360]
2, 132, [4, 4, 4, 4, 4, 4, 4, 4, 4, 4, 4, 4, 4, 4, 4, 8, 8, 8, 8, 8, 8, 8, 248, 1240, 18600, 18600, 204600, 204600, 204600, 409200, 409200, 7429626296400, 245177667781200, 12239772035034123241200, 48959088140136492964800]
2, 134, [2, 2, 2, 2, 2, 2, 2, 2, 2, 2, 2, 2, 2, 2, 2, 2, 2, 2, 2, 2, 2, 2, 2, 2, 2, 2, 1322, 1322, 1322, 456333049088809430964909307097386234, 31326161735073484301679055258917136308573989608699043154, 93978485205220452905037165776751408925721968826097129462]
2, 136, [2, 2, 2, 2, 2, 2, 2, 4, 4, 4, 4, 4, 4, 4, 4, 4, 8, 8, 8, 8, 8, 8, 8, 8, 16, 16, 16, 16, 16, 16, 16, 32, 32, 32, 96, 1632, 8160, 8160, 8160, 7148160, 14296320, 1393642815736320, 6738252633049246265053091040131704320, 6738252633049246265053091040131704320]
2, 138, [2, 2, 2, 2, 2, 2, 2, 2, 2, 2, 2, 2, 2, 2, 2, 2, 2, 2, 2, 2, 2, 2, 2, 2, 2, 2, 2, 2, 2, 2, 2, 2, 2, 2453946, 620848338, 75479015844012, 561165687245384832491650964957928, 9414800191367015319375576402311448800160, 9414800191367015319375576402311448800160]
2, 140, [2, 4, 4, 4, 4, 4, 4, 4, 4, 4, 4, 4, 4, 4, 4, 4, 4, 8, 8, 8, 8, 104, 104, 104, 104, 104, 104, 104, 312, 312, 312, 312, 1560, 4680, 9360, 131040, 18336951360, 375632448609600, 2130945426243952815101484297600, 4261890852487905630202968595200]
2, 142, [2, 2, 2, 2, 2, 2, 2, 2, 2, 2, 2, 2, 2, 2, 2, 2, 2, 2, 2, 2, 2, 2, 2, 2, 2, 2, 2, 2, 2, 2, 1402, 12212822, 12212822, 1693545407822385116943097127623771113230, 113145744367708244484094396172159112123891138288052908150, 339437233103124733452283188516477336371673414864158724450]
2, 144, [2, 2, 2, 2, 2, 2, 2, 2, 2, 4, 4, 4, 4, 4, 4, 4, 4, 4, 4, 4, 4, 12, 36, 72, 72, 72, 72, 144, 144, 144, 144, 144, 144, 144, 144, 720, 1440, 1440, 1440, 1440, 2880, 2880, 262080, 24316568640, 218995017171840, 228052730795596567898244480, 228052730795596567898244480]
2, 146, [2, 2, 2, 2, 2, 2, 2, 2, 2, 2, 2, 2, 2, 2, 2, 2, 2, 2, 2, 2, 2, 2, 2, 2, 2, 2, 2, 2, 2, 2, 2, 2, 18, 18, 18, 7182, 7182, 524286, 524286, 524286, 579063303351029121372436647458558836334612615868, 21425342223988077490780155955966676944380666787116, 64276026671964232472340467867900030833142000361348]
2, 148, [4, 4, 4, 4, 4, 4, 4, 4, 4, 4, 4, 4, 4, 4, 4, 4, 4, 4, 8, 8, 8, 8, 8, 8, 8, 152, 152, 152, 699048, 25864776, 336242088, 16693735416550920, 27294257406060754200, 123719150177106036475740809298557306477012209800, 123719150177106036475740809298557306477012209800]
2, 150, [2, 2, 2, 2, 2, 2, 2, 2, 2, 2, 2, 2, 2, 2, 2, 2, 2, 2, 2, 2, 2, 10, 50, 50, 50, 50, 50, 50, 50, 50, 50, 50, 50, 1650, 300372600, 1201490400, 25960603072800, 119264152620278916400843096800, 36781660988857119212602015268604000, 73563321977714238425204030537208000]
2, 152, [2, 2, 2, 2, 2, 2, 2, 2, 2, 4, 4, 4, 4, 4, 4, 4, 4, 4, 4, 8, 8, 8, 8, 8, 8, 8, 8, 8, 16, 16, 16, 16, 16, 16, 16, 16, 2736, 5472, 5472, 38304, 18654048, 20426182560, 338346319616760097440, 45998079828361362246638871388296473528553593760, 45998079828361362246638871388296473528553593760]
2, 154, [2, 2, 2, 2, 2, 2, 2, 2, 2, 2, 2, 2, 2, 2, 2, 2, 2, 2, 2, 2, 2, 2, 2, 2, 2, 2, 2, 2, 2, 2, 2, 2, 2, 2, 2, 4, 8, 8, 8, 8, 24, 24, 456, 6840, 1060200, 2120400, 23324400, 23324400, 891907004214067002059837209273200, 26804790231811470406261777151065531973481482400, 80414370695434411218785331453196595920444447200]
2, 156, [2, 4, 4, 4, 4, 4, 4, 4, 4, 4, 4, 4, 4, 4, 4, 4, 4, 4, 28, 56, 56, 56, 56, 56, 56, 56, 56, 56, 728, 2184, 6552, 6552, 6552, 6552, 6552, 65520, 65520, 90876240, 90876240, 90876240, 181752480, 3633959085120, 14888330371736640, 605314847923696572480, 1210629695847393144960]
2, 158, [2, 2, 2, 2, 2, 2, 2, 2, 2, 2, 2, 2, 2, 2, 2, 2, 2, 2, 2, 2, 2, 2, 2, 2, 2, 2, 2, 2, 2, 2, 2, 2, 2, 2, 1042, 1042, 1042, 58854200328418914970178895867066362963100603518, 9756906232145215045426321958474091161603333533130029106098424849722260, 29270718696435645136278965875422273484810000599390087318295274549166780]
2, 160, [2, 2, 2, 2, 2, 2, 2, 2, 2, 2, 2, 2, 2, 4, 4, 4, 4, 4, 4, 4, 4, 4, 4, 8, 8, 8, 8, 8, 8, 8, 8, 8, 8, 16, 16, 16, 16, 16, 16, 16, 16, 32, 96, 96, 480, 960, 960, 960, 960, 64904640, 40630304640, 3697357722240, 274174433928074184960, 2910677937666649941472792180863985920, 5821355875333299882945584361727971840]
2, 162, [2, 6, 6, 6, 6, 6, 6, 6, 6, 6, 6, 18, 18, 18, 18, 18, 18, 18, 18, 18, 18, 18, 18, 54, 54, 54, 54, 54, 54, 54, 162, 162, 162, 6614622, 6614622, 27523442142, 5123195945110933754032282768203834, 117354895861407125385062517558441107287689918, 352064687584221376155187552675323321863069754]
2, 164, [2, 4, 4, 4, 4, 4, 4, 4, 4, 4, 4, 4, 4, 4, 4, 4, 4, 4, 4, 4, 8, 8, 8, 8, 8, 8, 8, 8, 8, 8, 8, 8, 13640, 68200, 68200, 68200, 68200, 8388600, 1458111855991585423200, 20413565983882195924800, 135261275026038268289929807293555980105350277969193600, 135261275026038268289929807293555980105350277969193600]
2, 166, [2, 2, 2, 2, 2, 2, 2, 2, 2, 2, 2, 2, 2, 2, 2, 2, 2, 2, 2, 2, 2, 2, 2, 2, 2, 2, 2, 2, 2, 2, 2, 2, 2, 2, 2, 2, 2, 197372698744058340403233145067002597374098201088666386, 1100092676447073889074355602079196959950505739579385229291402594566186106614754, 3300278029341221667223066806237590879851517218738155687874207783698558319844262]
2, 168, [2, 2, 2, 2, 2, 2, 2, 2, 2, 2, 4, 4, 4, 4, 4, 4, 4, 4, 4, 4, 4, 8, 8, 8, 8, 8, 8, 8, 8, 8, 8, 16, 16, 16, 16, 16, 16, 16, 16, 16, 32, 32, 32, 96, 480, 3360, 131040, 131040, 131040, 131040, 131040, 131040, 131040, 1441440, 14414400, 28828800, 28828800, 90493603200, 934074972230400, 352895392658589580800, 352895392658589580800]
2, 170, [2, 2, 2, 2, 2, 2, 2, 2, 2, 2, 2, 2, 2, 2, 2, 2, 2, 2, 2, 2, 2, 2, 2, 2, 2, 2, 2, 2, 2, 2, 2, 2, 2, 6, 6, 6, 240, 240, 4080, 4080, 1048560, 1048560, 1048560, 2097120, 6291360, 459269280, 459269280, 459269280, 24359456941860389391033333792740085669120, 97437827767441557564133335170960342676480, 292313483302324672692400005512881028029440]
2, 172, [2, 2, 2, 2, 4, 4, 4, 4, 4, 4, 4, 4, 4, 4, 4, 4, 4, 4, 4, 4, 4, 4, 4, 4, 4, 8, 8, 8, 8, 8, 8, 8, 8, 8, 8, 8, 8, 24, 3048, 131064, 131064, 917448, 6422136, 717239072140956049999944, 7889629793550516549999384, 4908451739205278391524398618170938575057527617358601957296, 4908451739205278391524398618170938575057527617358601957296]
2, 174, [2, 2, 2, 2, 2, 2, 2, 2, 2, 2, 2, 2, 2, 2, 2, 2, 2, 2, 2, 2, 2, 2, 2, 2, 2, 2, 2, 2, 2, 2, 2, 2, 2, 2, 2, 4, 4, 4, 4, 4, 4, 8, 8, 8, 8, 8, 1720, 5160, 5160, 5160, 644272440, 153336840720, 2200537001172720, 191046438721980062212902914234973018884880, 874838532064799532003095133705651084414082001479200, 874838532064799532003095133705651084414082001479200]
2, 176, [2, 2, 2, 2, 2, 2, 2, 2, 2, 2, 2, 4, 4, 4, 4, 4, 4, 4, 4, 4, 4, 4, 4, 4, 4, 4, 4, 4, 8, 8, 8, 8, 8, 16, 16, 16, 16, 16, 16, 16, 16, 16, 16, 16, 32, 32, 992, 992, 4960, 9920, 9920, 49600, 545600, 33281600, 2682430396800, 618555742829290358400, 3380498346223602537906000952406891574111752398838400, 3380498346223602537906000952406891574111752398838400]
2, 178, [2, 2, 2, 2, 2, 2, 2, 2, 2, 2, 2, 2, 2, 2, 2, 2, 2, 2, 2, 2, 2, 2, 2, 2, 2, 2, 2, 2, 2, 2, 2, 2, 2, 2, 2, 2, 2, 2, 2, 2, 2, 2, 2, 94254, 94254, 8388606, 41943030, 41943030, 140530112562965343321874841333037688902785814858294990075754079580, 1545831238192618776540623254663414577930643963441244890833294875380, 4637493714577856329621869763990243733791931890323734672499884626140]
2, 180, [4, 4, 4, 4, 4, 4, 4, 4, 4, 4, 4, 4, 4, 4, 12, 12, 12, 12, 36, 36, 72, 72, 72, 72, 72, 72, 72, 72, 72, 72, 72, 72, 72, 72, 72, 360, 360, 360, 360, 2520, 2520, 5040, 5040, 312480, 4062240, 69058080, 138116160, 4510407367327680, 2174016351051941760, 131762267030037376575378506880, 263524534060074753150757013760]
2, 182, [2, 2, 2, 2, 2, 2, 2, 2, 2, 2, 2, 2, 2, 2, 2, 2, 2, 2, 2, 2, 2, 2, 2, 2, 2, 2, 2, 2, 2, 2, 2, 2, 2, 2, 2, 2, 2, 14, 14, 42, 126, 504, 504, 504, 2520, 5040, 5040, 300016080, 600032160, 600032160, 10200546720, 10200546720, 20401093440, 23104602657229194473141550913887176694417600, 346569039858437917097123263708307650416264000, 1039707119575313751291369791124922951248792000]
2, 184, [2, 2, 2, 2, 2, 2, 2, 2, 2, 2, 2, 4, 4, 4, 4, 4, 4, 4, 4, 4, 4, 4, 4, 8, 8, 8, 8, 8, 8, 8, 8, 8, 8, 8, 8, 16, 16, 16, 16, 16, 16, 16, 16, 16, 16, 16, 32, 32, 32, 32, 32, 32, 352, 3872, 199967151648, 12155403247226976, 4539906701925961359304718880, 33669901385837271308501488824465213928039935464812592330452320, 33669901385837271308501488824465213928039935464812592330452320]
2, 186, [2, 2, 2, 2, 2, 2, 2, 2, 2, 2, 2, 2, 2, 2, 2, 2, 2, 2, 2, 2, 2, 2, 2, 2, 2, 2, 2, 2, 2, 2, 2, 2, 2, 2, 2, 2, 2, 2, 2, 10, 110, 110, 110, 330, 20460, 20460, 204600, 204600, 1432200, 1432200, 15754200, 28256021014405800, 56512042028811600, 56512042028811600, 22677800400460668802311625317408256312800, 90711201601842675209246501269633025251200, 90711201601842675209246501269633025251200]
2, 188, [2, 4, 4, 4, 4, 4, 4, 4, 4, 4, 4, 4, 4, 4, 4, 4, 4, 4, 4, 4, 4, 4, 4, 4, 8, 8, 8, 8, 8, 8, 8, 8, 8, 8, 8, 8, 8, 8, 8, 8, 8, 8, 8, 8, 8, 26239501510423464246296, 301192465887496346182296186624927544, 124694820157440981882511946801420484684320191894247450091475920626027001177744, 124694820157440981882511946801420484684320191894247450091475920626027001177744]
2, 190, [2, 2, 2, 2, 2, 2, 2, 2, 2, 2, 2, 2, 2, 2, 2, 2, 2, 2, 2, 2, 2, 2, 2, 2, 2, 2, 2, 2, 2, 2, 2, 2, 2, 2, 2, 6, 18, 18, 18, 18, 18, 234, 1170, 3510, 3510, 21060, 10256220, 201883434480, 14737490717040, 2096667661827972079219490385736915613397985986960, 109934493219114330277876488788567707501037692451358425181683760, 659606959314685981667258932731406245006226154708150551090102560]
2, 192, [2, 2, 2, 2, 2, 2, 2, 2, 2, 2, 2, 2, 2, 2, 2, 2, 4, 4, 4, 4, 4, 4, 4, 4, 4, 4, 4, 4, 4, 8, 8, 8, 8, 8, 8, 8, 8, 8, 8, 8, 16, 16, 16, 16, 16, 16, 16, 16, 16, 32, 32, 96, 96, 96, 96, 960, 960, 960, 960, 960, 960, 32640, 3166080, 6332160, 1769711911460970240, 110967267108110129938548480, 2046976017101302090038190048388358558560882388480, 4093952034202604180076380096776717117121764776960]
2, 194, [2, 2, 2, 2, 2, 2, 2, 2, 2, 2, 2, 2, 2, 2, 2, 2, 2, 2, 2, 2, 2, 2, 2, 2, 2, 2, 2, 2, 2, 2, 2, 2, 2, 2, 2, 2, 2, 14, 14, 70, 70, 70, 286790, 286790, 286790, 1934535922410, 7465154841496338566576322460600851774395137363376156119383973920764530080, 20275360549504055546821291802991913419257193078929640020246873168796463697280, 20275360549504055546821291802991913419257193078929640020246873168796463697280]
2, 196, [2, 2, 4, 4, 4, 4, 4, 4, 4, 4, 4, 4, 4, 4, 4, 4, 4, 4, 4, 4, 4, 4, 4, 4, 4, 4, 8, 8, 8, 8, 8, 8, 8, 8, 8, 8, 56, 392, 392, 392, 392, 392, 392, 392, 392, 392, 392, 1176, 151704, 1053847814290135333422408, 244416585080011178070354223116648, 8267145855664642334790149656685471601809695363693802666357055048, 16534291711329284669580299313370943203619390727387605332714110096]
2, 198, [2, 2, 2, 2, 2, 2, 2, 2, 2, 2, 2, 6, 6, 6, 6, 6, 18, 18, 18, 18, 18, 18, 18, 18, 18, 18, 18, 18, 18, 18, 18, 18, 18, 18, 18, 18, 558, 558, 558, 558, 558, 558, 6138, 90443430, 452217150, 452217150, 165511476900, 662045907600, 363986881585311600, 4105667827021157800953135286037470333200, 12317003481063473402859405858112410999600, 24634006962126946805718811716224821999200]
2, 200, [2, 2, 2, 2, 2, 2, 2, 2, 2, 2, 2, 2, 4, 4, 4, 4, 4, 4, 4, 4, 4, 4, 4, 4, 4, 8, 8, 8, 8, 8, 8, 8, 8, 8, 40, 200, 200, 400, 400, 400, 400, 400, 400, 400, 400, 400, 400, 400, 16400, 32800, 32800, 32800, 32800, 98400, 98400, 4478282400, 138965581154400, 24133110599231328907212000, 6982502988574996071267352452634129492021565894532000, 6982502988574996071267352452634129492021565894532000]

